prije:
14  4  7 16 
15  2  6 11 
 1  3  5 13 
 9  8 12 10 
poslije:
 1  2  3  4 
 5  6  7  8 
 9 10 11 12 
13 14 15 16 
OK

prije:
 4  9 14  7 
11 13  2 15 
 5  1  8 16 
10 12  3  6 
poslije:
 1  2  3  4 
 5  6  7  8 
 9 10 11 12 
13 14 15 16 
OK

prije:
 1  2  3  4 
 5  6  7  8 
 9 10 11 12 
13 14 16 15 
poslije:
 1  2  3  4 
 5  6  7  8 
 9 10 11 12 
13 14 15 16 
OK

